0
1
2
3
4
5
6
7
8
9
10
11
12
13
14
15
16
17
18
19
20
21
22
23
24
25
26
27
28
29
30
31
32
33
34
35
36
37
38
39
40
41
42
43
44
45
46
47
48
49
50
51
52
53
54
55
56
57
58
59
60
61
62
63
64
65
66
67
68
69
70
71
72
73
74
75
76
77
78
79
80
81
82
83
84
85
86
87
88
89
90
91
92
93
94
95
96
97
98
99
100
101
102
103
104
105
106
107
108
109
110
111
112
113
114
115
116
117
118
119
120
121
122
123
124
125
126
127
128
129
130
131
132
133
134
135
136
137
138
139
140
141
142
143
144
145
146
147
148
149
150
151
152
153
154
155
156
157
158
159
160
161
162
163
164
165
166
167
168
169
170
171
172
173
174
175
176
177
178
179
180
181
182
183
184
185
186
187
188
189
190
191
192
193
194
195
196
197
198
199
200
201
202
203
204
205
206
207
208
209
210
211
212
213
214
215
216
217
218
219
220
221
222
223
224
225
226
227
228
229
230
231
232
233
234
235
236
237
238
239
240
241
242
243
244
245
246
247
248
249
250
251
252
253
254
255
256
257
258
259
260
261
262
263
264
265
266
267
268
269
270
271
272
273
274
275
276
277
278
279
280
281
282
283
284
285
286
287
288
289
290
291
292
293
294
295
296
297
298
299
300
301
302
303
304
305
306
307
308
309
310
311
312
313
314
315
316
317
318
319
320
321
322
323
324
325
326
327
328
329
330
331
332
333
334
335
336
337
338
339
340
341
342
343
344
345
346
347
348
349
350
351
352
353
354
355
356
357
358
359
360
361
362
363
364
365
366
367
368
369
370
371
372
373
374
375
376
377
378
379
380
381
382
383
384
385
386
387
388
389
390
391
392
393
394
395
396
397
398
399
400
401
402
403
404
405
406
407
408
409
410
411
412
413
414
415
416
417
418
419
420
421
422
423
424
425
426
427
428
429
430
431
432
433
434
435
436
437
438
439
440
441
442
443
444
445
446
447
448
449
450
451
452
453
454
455
456
457
458
459
460
461
462
463
464
465
466
467
468
469
470
471
472
473
474
475
476
477
478
479
480
481
482
483
484
485
486
487
488
489
490
491
492
493
494
495
496
497
498
499
500
501
502
503
504
505
506
507
508
509
510
511
512
513
514
515
516
517
518
519
520
521
522
523
524
525
526
527
528
529
530
531
532
533
534
535
536
537
538
539
540
541
542
543
544
545
546
547
548
549
550
551
552
553
554
555
556
557
558
559
560
561
562
563
564
565
566
567
568
569
570
571
572
573
574
575
576
577
578
579
580
581
582
583
584
585
586
587
588
589
590
591
592
593
594
595
596
597
598
599
600
601
602
603
604
605
606
607
608
609
610
611
612
613
614
615
616
617
618
619
620
621
622
623
624
625
626
627
628
629
630
631
632
633
634
635
636
637
638
639
640
641
642
643
644
645
646
647
648
649
650
651
652
653
654
655
656
657
658
659
660
661
662
663
664
665
666
667
668
669
670
671
672
673
674
675
676
677
678
679
680
681
682
683
684
685
686
687
688
689
690
691
692
693
694
695
696
697
698
699
700
701
702
703
704
705
706
707
708
709
710
711
712
713
714
715
716
717
718
719
720
721
722
723
724
725
726
727
728
729
730
731
732
733
734
735
736
737
738
739
740
741
742
743
744
745
746
747
748
749
750
751
752
753
754
755
756
757
758
759
760
761
762
763
764
765
766
767
768
769
770
771
772
773
774
775
776
777
778
779
780
781
782
783
784
785
786
787
788
789
790
791
792
793
794
795
796
797
798
799
800
801
802
803
804
805
806
807
808
809
810
811
812
813
814
815
816
817
818
819
820
821
822
823
824
825
826
827
828
829
830
831
832
833
834
835
836
837
838
839
840
841
842
843
844
845
846
847
848
849
850
851
852
853
854
855
856
857
858
859
860
861
862
863
864
865
866
867
868
869
870
871
872
873
874
875
876
877
878
879
880
881
882
883
884
885
886
887
888
889
890
891
892
893
894
895
896
897
898
899
900
901
902
903
904
905
906
907
908
909
910
911
912
913
914
915
916
917
918
919
920
921
922
923
924
925
926
927
928
929
930
931
932
933
934
935
936
937
938
939
940
941
942
943
944
945
946
947
948
949
950
951
952
953
954
955
956
957
958
959
960
961
962
963
964
965
966
967
968
969
970
971
972
973
974
975
976
977
978
979
980
981
982
983
984
985
986
987
988
989
990
991
992
993
994
995
996
997
998
999
1000
1001
1002
1003
1004
1005
1006
1007
1008
1009
1010
1011
1012
1013
1014
1015
1016
1017
1018
1019
1020
1021
1022
1023
1024
1025
1026
1027
1028
1029
1030
1031
1032
1033
1034
1035
1036
1037
1038
1039
1040
1041
1042
1043
1044
1045
1046
1047
1048
1049
1050
1051
1052
1053
1054
1055
1056
1057
1058
1059
1060
1061
1062
1063
1064
1065
1066
1067
1068
1069
1070
1071
1072
1073
1074
1075
1076
1077
1078
1079
1080
1081
1082
1083
1084
1085
1086
1087
1088
1089
1090
1091
1092
1093
1094
1095
1096
1097
1098
1099
1100
1101
1102
1103
1104
1105
1106
1107
1108
1109
1110
1111
1112
1113
1114
1115
1116
1117
1118
1119
1120
1121
1122
1123
1124
1125
1126
1127
1128
1129
1130
1131
1132
1133
1134
1135
1136
1137
1138
1139
1140
1141
1142
1143
1144
1145
1146
1147
1148
1149
1150
1151
1152
1153
1154
1155
1156
1157
1158
1159
1160
1161
1162
1163
1164
1165
1166
1167
1168
1169
1170
1171
1172
1173
1174
1175
1176
1177
1178
1179
1180
1181
1182
1183
1184
1185
1186
1187
1188
1189
1190
1191
1192
1193
1194
1195
1196
1197
1198
1199
1200
1201
1202
1203
1204
1205
1206
1207
1208
1209
1210
1211
1212
1213
1214
1215
1216
1217
1218
1219
1220
1221
1222
1223
1224
1225
1226
1227
1228
1229
1230
1231
1232
1233
1234
1235
1236
1237
1238
1239
1240
1241
1242
1243
1244
1245
1246
1247
1248
1249
1250
1251
1252
1253
1254
1255
1256
1257
1258
1259
1260
1261
1262
1263
1264
1265
1266
1267
1268
1269
1270
1271
1272
1273
1274
1275
1276
1277
1278
1279
1280
1281
1282
1283
1284
1285
1286
1287
1288
1289
1290
1291
1292
1293
1294
1295
1296
1297
1298
1299
1300
1301
1302
1303
1304
1305
1306
1307
1308
1309
1310
1311
1312
1313
1314
1315
1316
1317
1318
1319
1320
1321
1322
1323
1324
1325
1326
1327
1328
1329
1330
1331
1332
1333
1334
1335
1336
1337
1338
1339
1340
1341
1342
1343
1344
1345
1346
1347
1348
1349
1350
1351
1352
1353
1354
1355
1356
1357
1358
1359
1360
1361
1362
1363
1364
1365
1366
1367
1368
1369
1370
1371
1372
1373
1374
1375
1376
1377
1378
1379
1380
1381
1382
1383
1384
1385
1386
1387
1388
1389
1390
1391
1392
1393
1394
1395
1396
1397
1398
1399
1400
1401
1402
1403
1404
1405
1406
1407
1408
1409
1410
1411
1412
1413
1414
1415
1416
1417
1418
1419
1420
1421
1422
1423
1424
1425
1426
1427
1428
1429
1430
1431
1432
1433
1434
1435
1436
1437
1438
1439
1440
1441
1442
1443
1444
1445
1446
1447
1448
1449
1450
1451
1452
1453
1454
1455
1456
1457
1458
1459
1460
1461
1462
1463
1464
1465
1466
1467
1468
1469
1470
1471
1472
1473
1474
1475
1476
1477
1478
1479
1480
1481
1482
1483
1484
1485
1486
1487
1488
1489
1490
1491
1492
1493
1494
1495
1496
1497
1498
1499
1500
1501
1502
1503
1504
1505
1506
1507
1508
1509
1510
1511
1512
1513
1514
1515
1516
1517
1518
1519
1520
1521
1522
1523
1524
1525
1526
1527
1528
1529
1530
1531
1532
1533
1534
1535
1536
1537
1538
1539
1540
1541
1542
1543
1544
1545
1546
1547
1548
1549
1550
1551
1552
1553
1554
1555
1556
1557
1558
1559
1560
1561
1562
1563
1564
1565
1566
1567
1568
1569
1570
1571
1572
1573
1574
1575
1576
1577
1578
1579
1580
1581
1582
1583
1584
1585
1586
1587
1588
1589
1590
1591
1592
1593
1594
1595
1596
1597
1598
1599
1600
1601
1602
1603
1604
1605
1606
1607
1608
1609
1610
1611
1612
1613
1614
1615
1616
1617
1618
1619
1620
1621
1622
1623
1624
1625
1626
1627
1628
1629
1630
1631
1632
1633
1634
1635
1636
1637
1638
1639
1640
1641
1642
1643
1644
1645
1646
1647
1648
1649
1650
1651
1652
1653
1654
1655
1656
1657
1658
1659
1660
1661
1662
1663
1664
1665
1666
1667
1668
1669
1670
1671
1672
1673
1674
1675
1676
1677
1678
1679
1680
1681
1682
1683
1684
1685
1686
1687
1688
1689
1690
1691
1692
1693
1694
1695
1696
1697
1698
1699
1700
1701
1702
1703
1704
1705
1706
1707
1708
1709
1710
1711
1712
1713
1714
1715
1716
1717
1718
1719
1720
1721
1722
1723
1724
1725
1726
1727
1728
1729
1730
1731
1732
1733
1734
1735
1736
1737
1738
1739
1740
1741
1742
1743
1744
1745
1746
1747
1748
1749
1750
1751
1752
1753
1754
1755
1756
1757
1758
1759
1760
1761
1762
1763
1764
1765
1766
1767
1768
1769
1770
1771
1772
1773
1774
1775
1776
1777
1778
1779
1780
1781
1782
1783
1784
1785
1786
1787
1788
1789
1790
1791
1792
1793
1794
1795
1796
1797
1798
1799
1800
1801
1802
1803
1804
1805
1806
1807
1808
1809
1810
1811
1812
1813
1814
1815
1816
1817
1818
1819
1820
1821
1822
1823
1824
1825
1826
1827
1828
1829
1830
1831
1832
1833
1834
1835
1836
1837
1838
1839
1840
1841
1842
1843
1844
1845
1846
1847
1848
1849
1850
1851
1852
1853
1854
1855
1856
1857
1858
1859
1860
1861
1862
1863
1864
1865
1866
1867
1868
1869
1870
1871
1872
1873
1874
1875
1876
1877
1878
1879
1880
1881
1882
1883
1884
1885
1886
1887
1888
1889
1890
1891
1892
1893
1894
1895
1896
1897
1898
1899
1919
1956
1958
1997
1999
2001
2016
2018
2036
2038
2040
2042
2044
2046
2048
2050
2052
2054
2057
2076
2078
2080
2082
2084
2086
2088
2090
2092
2094
2096
2116
2137
2139
2141
2143
2146
2148
2150
2152
2154
2156
2176
2178
2180
2182
2184
2186
2188
2190
2192
2194
2200
2257
2336
2358
2398
2417
2419
2421
2436
2476
2497
2536
2556
2576
2716
2758
2761
2763
2765
2767
2769
2771
2773
2778
2780
2782
2784
2786
2788
2798
2817
2886
2888
2890
2892
2894
2903
2905
2907
2909
2911
2913
2915
2917
2919
2923
2925
2927
2929
2931
2933
2935
2937
2939
2941
2943
2945
2947
2951
2953
2955
2957
2959
2961
2963
2967
2969
2971
2973
2975
2977
2979
2981
2983
2985
2995
2997
3003
3005
3007
3009
3011
3013
3015
3017
3037
3057
3059
3077
3097
3117
3136
3138
3142
3158
3161
3163
3176
3178
3180
3182
3184
3186
3188
3217
3237
3296
3336
3357
3456
3478
3536
3557
3559
3577
3579
3581
3596
3618
3676
3736
3757
3776
3778
3798
3800
3803
3808
3810
3813
3816
3818
3836
3844
3846
3848
3850
3852
3854
3856
3896
3917
3936
3957
3997
4017
4079
4156
4177
4296
4298
4396
4400
4403
4405
4407
4437
4477
4496
4517
4519
4521
4523
4525
4527
4529
4531
4534
4536
4538
4576
4578
4580
4582
4584
4586
4597
4599
4601
4603
4605
4607
4610
4612
4614
4616
4618
4620
4622
4624
4626
4628
4630
4632
4634
4636
4782
4790
4816
4818
4825
4827
4833
4840
4842
4845
4847
4849
4851
4853
4855
4857
4859
4864
4866
4869
4871
4873
4875
4882
4884
4886
4888
4893
4895
4897
4900
4902
4904
4906
4909
4914
4916
4918
4920
4922
4924
4926
4928
4930
4932
4934
4936
4938
4940
4957
4959
4961
4976
4979
4981
4995
4998
5000
5002
5004
5006
5008
5061
5063
5065
5083
5094
5108
5115
5117
5119
5121
5123
5191
5193
5209
5211
5214
5216
5220
5222
5226
5228
5230
5245
5247
5249
5251
5253
5255
5257
5262
5267
5269
5282
5284
5286
5288
5290
5292
5294
5296
5298
5301
5305
5307
5309
5311
5313
5317
5319
5321
5323
5325
5327
5329
5331
5333
5335
5337
5339
5341
5343
5345
5347
5349
5351
5353
5355
5357
5359
5364
5366
5368
5370
5372
5374
5376
5378
5382
5384
5386
5388
5390
5392
5394
5396
5415
5417
5442
5444
5446
5448
5450
5452
5454
5456
5470
5472
5474
5476
5478
5480
5482
5486
5488
5490
5503
5505
5511
5518
5535
5537
5539
5541
5546
5548
5718
5723
5744
5750
5752
5754
5759
5761
5765
5768
5779
5794
5802
5804
5806
5808
5810
5821
5824
5828
5830
5836
5838
5841
5843
5845
5848
5850
5853
5855
5859
5861
5863
5865
5867
5869
5871
5873
5875
5877
5995
6003
6007
6009
6011
6013
6019
6021
6023
6025
6027
6029
6031
6045
6060
6070
6089
6106
6108
6110
6112
6114
6116
6118
6124
6128
6130
6132
6169
6175
6180
6185
6300
6316
6322
6348
6350
6365
6374
6378
6396
6402
6427
6455
6457
6460
6469
6471
6475
6477
6479
6485
6518
6524
6534
6536
6538
6540
6543
6545
6547
6550
6552
6554
6556
6558
6560
6567
6569
6571
6579
6581
6583
6585
6587
6589
6591
6593
6595
6597
6599
6601
6603
6605
6607
6609
6611
6613
6615
6618
6620
6622
6674
6684
6687
6689
6715
6717
6719
6721
6723
6725
6727
6729
6731
6733
6736
6740
6742
6744
6746
6748
6750
6752
6754
6756
6758
6760
6762
6821
6823
6825
6827
6829
6835
6837
6839
6845
6847
6849
6851
6856
6858
6860
6862
6864
6866
6868
6870
6872
6874
6883
6885
6887
6889
6891
6893
6895
6897
6899
6901
6903
6905
6907
6909
6911
6913
6915
6917
6919
6922
6924
6926
6928
6930
6932
6936
6938
6940
6942
6945
6947
6954
6970
6972
6974
6976
6978
6980
7039
7056
7062
7100
7103
7230
7232
7248
7252
7258
7265
7267
7269
7271
7273
7275
7281
7283
7285
7287
7289
7291
7293
7295
7297
7299
7301
7303
7305
7307
7309
7312
7314
7316
7318
7320
7322
7324
7326
7328
7330
7332
7334
7336
7338
7340
7342
7344
7346
7348
7350
7352
7354
7356
7358
7360
7362
7364
7366
7368
7370
7372
7374
7376
7378
7380
7382
7384
7386
7411
7413
7436
7438
7462
7464
7467
7479
7483
7486
7498
7500
7502
7518
7521
7523
7525
7527
7530
7534
7536
7602
7612
7842
7853
7862
7928
7932
7934
7937
7940
7942
7944
7946
7948
7950
7986
7988
7990
7992
7994
7996
8008
8010
8012
8014
8016
8020
8023
8030
8037
8042
8044
8049
8051
8055
8057
8059
8061
8063
8065
8067
8069
8071
8073
8078
8081
8086
8089
8092
8094
8098
8100
8103
8105
8107
8109
8111
8114
8116
8118
8120
8123
8205
8208
8210
8213
8216
8219
8221
8223
8225
8227
8229
8231
8233
8235
8243
8246
8249
8293
8295
8298
8301
8304
8307
8311
8314
8316
8318
8325
8329
8331
8333
8336
8338
8340
8343
8347
8350
8354
8358
8360
8366
8381
8391
8397
8399
8401
8430
8432
8434
8437
8439
8450
8453
8458
8461
8463
8466
8468
8470
8472
8479
8481
8484
8486
8488
8492
8496
8498
8502
8504
8506
8508
8518
8520
8527
8529
8531
8533
8536
8538
8641
8643
8645
8649
8653
8657
8659
8667
8669
8671
8679
8697
8699
8707
8714
8716
8718
8720
8722
8724
8726
8728
8730
8784
8793
8795
8820
8844
8871
8873
8875
8877
8879
8881
8883
8885
8887
8889
8891
8893
8895
8898
8903
8915
8917
8920
8922
8924
8926
8928
8930
8933
8937
8939
8941
8947
8949
8956
8960
8962
8964
8966
8968
8970
8972
8974
8976
8978
8980
8982
8984
8986
8988
8990
8992
8997
8999
9001
9003
9005
9008
9017
9023
9025
9033
9035
9037
9039
9042
9044
9046
9049
9053
9055
9057
9060
9070
9072
9077
9080
9082
9087
9095
9097
9099
9101
9103
9105
9107
9109
9111
9126
9129
9131
9133
9138
9140
9142
9145
9147
9152
9164
9167
9169
9171
9173
9175
9177
9203
9205
9207
9209
9211
9213
9215
9217
9219
9222
9224
9228
9230
9232
9234
9238
9240
9242
9244
9248
9251
9255
9257
9265
9391
9393
9396
9401
9405
9407
9409
9411
9413
9415
9422
9425
9427
9429
9433
9435
9437
9442
9444
9451
9453
9455
9457
9459
9461
9463
9468
9470
9472
9474
9476
9478
9481
9486
9491
9493
9495
9497
9499
9501
9503
9506
9508
9510
9512
9514
9516
9518
9520
9522
9524
9527
9529
9531
9534
9536
9538
9540
9543
9546
9548
9551
9562
9565
9571
9573
9575
9577
9579
9581
9583
9585
9587
9589
9597
9599
9601
9605
9607
9612
9615
9618
9620
9622
9624
9626
9630
9632
9634
9636
9638
9640
9642
9654
9656
9659
9667
9671
9673
9678
9685
9687
9689
9691
9693
9695
9703
9706
9708
9711
9713
9715
9725
9727
9729
9755
9759
9761
9764
9769
9780
9783
9786
9790
9793
9795
9799
9801
9805
9807
9811
9813
9817
9824
9826
9828
9836
9858
9894
9900
9906
9909
9912
9915
9924
9926
9972
9983
9989
9996
9998
10001
10011
10013
10016
10018
10020
10023
10025
10027
10032
10034
10036
10038
10040
10042
10044
10050
10052
10054
10058
10061
10067
10069
10071
10073
10075
10077
10080
10082
10084
10086
10088
10090
10092
10094
10096
10098
10100
10102
10104
10106
10108
10110
10112
10114
10116
10118
10120
10137
10148
10154
10156
10160
10162
10164
10166
10168
10170
10173
10177
10255
10258
10260
10262
10275
10307
10320
10322
10335
10348
10350
10354
10356
10398
10412
10456
10458
10460
10537
10543
10553
10555
10575
10581
10583
10586
10588
10591
10593
10595
10597
10599
10601
10603
10605
10607
10609
10611
10626
10657
10665
10667
10669
10672
10679
10681
10684
10686
10688
10690
10692
10694
10697
10699
10706
10709
10711
10741
10743
10746
10748
10750
10753
10755
10761
10763
10765
10769
10771
10773
10775
10778
10781
10783
10785
10788
10790
10795
10797
10799
10801
10803
10805
10807
10809
10816
10818
10820
10822
10824
10826
10829
10837
10839
10842
10844
10846
10848
10850
10852
10875
10877
10990
10992
10994
10996
10998
11000
11002
11004
11008
11010
11012
11014
11016
11018
11020
11022
11024
11026
11028
11030
11032
11034
11036
11038
11040
11042
11044
11046
11048
11050
11052
11054
11056
11058
11060
11062
11065
11124
11126
11128
11130
11132
11135
11137
11139
11157
11160
11163
11165
11167
11169
11171
11175
11177
11180
11183
11185
11188
11190
11192
11195
11201
11211
11213
11215
11217
11219
11221
11223
11232
11240
11257
11259
11261
11263
11265
11277
11279
11282
11284
11296
11298
11335
11338
11377
11387
11394
11396
11398
11426
11429
11431
11433
11468
11470
11472
11475
11477
11543
11545
11558
11560
11563
11565
11567
11572
11578
11580
11607
11610
11612
11629
11631
11653
11655
11674
11676
11683
11686
11688
11690
11692
11697
11699
11701
11703
11707
11709
11711
11713
11715
11717
11719
11721
11723
11731
11735
11737
11740
11742
11744
11747
11749
11751
11753
11755
11757
11759
11761
11763
11767
11769
11772
11774
11776
11778
11780
11786
11788
11790
11802
11846
11856
11874
11918
11920
11929
