1
1
1
1
10
100
1002
1003
1004
1005
1006
1007
1008
1009
101
1010
1011
1012
1013
1014
1015
1017
1020
1021
1022
1023
1025
1026
1027
1029
102920
1031
1032
1033
1035
1037
1038
1039
1042
1043
1044
1045
1049
104939
1050
1053
1054
1055
1056
1058
1059
1062
1063
1064
1065
1066
10665
107
1070
107141
1075
1076
1079
108
1082
1084
1086
1087
1088
1089
1090
1091
1094
1095
1096
109663
1098
11
110
1101
1105
1106
1107
1108
1109
111
1112
1114
1116
1117
112
1120
11206
1121
1122
1123
1124
1126
1127
1129
113
1130
1131
1132
1133
1135
1136
1137
1138
1139
1140
1141
1142
1146
1147
1148
1149
1150
1151
1152
1153
115745
115770
1159
116
1160
1161
1163
1164
1165
1166
1167
1168
1169
1171
1172
1173
1174
1175
117554
1176
117665
1177
1178
1179
118
1180
1181
1182
1183
1185
1186
1187
1188
1189
1191
1192
1193
1194
1195
1196
1197
1198
1199
12
120
1200
1201
1203
12043
1206
1208
1210
1211
1212
1213
1214
12167
1217
1218
1219
122
1220
1223
1224
1225
1226
1227
1228
1229
1231
1233
1234
1236
1241
1242
1243
1244
1245
1246
1247
1248
1249
1250
1251
1252
1253
1254
1255
1256
1257
1258
1259
126
1260
1261
1262
1263
1264
1265
1266
1267
1268
1269
1275
1276
1277
12774
1278
1279
128
12816
13
130
130249
131
132
133
134
13540
136
139
14
140331
142
142479
143
144385
145
15
16
16099
16245
16588
168
17
172
17252
17501
17767
18
184
18792
19
196
197
198
19821
199
2
2
2
2
2
2
200
201
202
203
20369
204
205
20707
22
227
228
22917
24
24085
246
24937
25
25807
25938
26
260
261
26170
262
263
264
265
26540
266
26664
269
27
271
27604
284
285
29423
29473
29968
3
3
3
30
302
30206
30218
30616
30616
30739
30935
31
31726
324
324
325
32783
33
331
332
339
34
34017
34424
348
34804
34821
35
35005
355
35673
35908
35941
36006
36051
36091
36383
370
37846
379
38237
38469
38839
38866
39965
4
403
40333
408
409
40946
410
411
421
427
42750
428
42880
42889
42902
42903
42904
42908
43
430
431
432
433
434
43440
435
436
43659
437
438
439
440
441
442
443
44314
444
445
44574
446
447
448
45
450
453
454
45466
455
457
458
45846
45873
459
45959
45984
461
46223
46235
463
464
465
46565
467
468
46928
47
470
47044
471
472
47292
47329
474
475
476
477
47704
478
479
481
482
483
48307
484
485
486
487
488
48959
49
490
491
49292
493
494
495
496
497
49706
49760
498
499
5
50
502
50247
50339
504
506
507
50772
509
512
513
51361
514
515
51637
517
518
519
520
521
522
52208
526
527
52770
528
529
53
530
531
532
533
534
535
536
537
538
53813
539
540
541
543
546
547
54717
548
550
552
553
555
556
557
55701
55706
558
559
56
560
561
562
563
56319
56322
565
56572
566
567
56717
56733
568
569
57
570
571
573
574
575
57543
57652
577
578
579
58
580
581
58153
58348
58361
585
58538
58540
586
58693
587
588
58837
58852
589
59
591
592
594
595
59562
596
597
598
60
600
601
602
603
604
605
606
607
608
609
61
610
61015
611
612
613
614
615
616
618
619
61975
620
622
624
625
626
62646
627
62776
628
62923
63048
63274
633
635
63558
6360
63893
639
63978
64059
64165
642
643
64446
647
65
650
651
652
653
654
655
656
65684
657
65745
659
66
661
662
663
664
665
66519
66546
668
669
67
670
671
672
67222
67247
673
674
67591
676
67693
67968
68
685
686
687
68718
688
68858
689
690
691
69149
692
693
69356
694
695
69519
69564
69571
696
697
698
699
7
700
701
702
703
70368
704
705
70571
706
707
70873
70873
709
71
710
71043
711
71189
712
713
714
71596
7178
719
72
720
721
722
72359
724
725
72521
72523
726
727
729
730
73061
731
732
733
73304
73305
73326
734
73457
735
73525
736
73699
739
740
741
742
743
74301
744
74408
745
746
74608
747
74742
74788
748
74883
749
74917
74919
75
750
75083
751
752
75246
753
75322
75341
75427
755
758
759
76314
766
76701
768
76868
769
77
770
772
774
77471
77487
775
77581
776
778
779
78
780
781
782
783
784
785
786
78649
788
789
790
791
792
793
79304
79353
794
79438
795
79533
796
797
79752
79756
798
799
8
800
80126
802
80337
804
80511
806
81
812
81216
81245
813
814
815
816
81628
817
81793
818
819
820
821
822
823
82334
824
825
826
82612
827
828
82872
829
830
83067
831
833
834
835
8358
836
83610
83615
837
838
839
83992
84
842
84388
844
845
846
848
84856
849
850
851
852
853
854
85451
855
85500
85654
857
858
860
862
863
864
865
866
86600
867
86715
86840
870
87005
871
872
874
87685
877
87713
87759
87768
879
87906
87990
880
88148
882
88201
883
88454
885
886
88813
89
890
89242
894
895
897
898
900
90040
902
90405
905
906
908
91
910
913
914
91455
915
91628
918
920
921
922
92269
92372
924
92492
926
92718
92719
928
92832
930
931
932
93276
935
93527
93551
93597
936
939
940
94082
943
944
945
946
950
95047
952
956
959
95959
96
960
962
964
967
968
970
971
973
974
976
977
979
980
981
982
983
984
985
988
989
99
990
991
992
993
994
996
997
999
